Correlation (C-index),,,,,,,,,,,,,,,,,,,,,,,,,,,,,,,,,,,,,,,,,,,,,,,,,,,,,,,,,,,,,,,,,,,,,,,,,,,,,,,,,,,,,,,,,,,,,,
,,C,ndwerz,ndwesz,logttr,uber,lv,vv1,cvv1,vv2,nv,mattr,msttr,mtld,hdd,vocd,KF_Freq_AW_Log,KF_Ncats_AW,KF_Nsamp_AW,TL_Freq_AW_Log,Brown_Freq_AW_Log,MRC_Familiarity_AW,MRC_Concreteness_AW,MRC_Imageability_AW,MRC_Meaningfulness_AW,Kuperman_AoA_AW,Brysbaert_Concreteness_Combined_AW,SUBTLEXus_Freq_AW_Log,SUBTLEXus_Range_AW_Log,BNC_Written_Freq_AW_Log,BNC_Written_Range_AW,BNC_Spoken_Freq_AW_Log,BNC_Spoken_Range_AW,BNC_Spoken_Bigram_Normed_Freq_Log,BNC_Written_Bigram_Freq_Normed_Log,BNC_Spoken_Trigram_Normed_Freq_Log,BNC_Written_Trigram_Freq_Normed_Log,BNC_Spoken_Bigram_Proportion,BNC_Written_Bigram_Proportion,BNC_Spoken_Trigram_Proportion,BNC_Written_Trigram_Proportion,COCA_spoken_Range_Log_AW,COCA_spoken_Frequency_Log_AW,COCA_spoken_Bigram_Frequency_Log,COCA_spoken_Bigram_Range_Log,COCA_spoken_bi_MI2,COCA_spoken_bi_T,COCA_spoken_bi_DP,COCA_spoken_bi_prop_30k,COCA_spoken_Trigram_Frequency_Log,COCA_spoken_Trigram_Range_Log,COCA_spoken_tri_MI2,COCA_spoken_tri_T,COCA_spoken_tri_DP,COCA_spoken_tri_2_MI,COCA_spoken_tri_2_T,COCA_spoken_tri_2_DP,COCA_spoken_tri_prop_30k,eat_types,eat_tokens,USF,McD_CD,Sem_D,Log_Freq_HAL,Ortho_N,Phono_N,Phono_N_H,OG_N,OG_N_H,Freq_N,Freq_N_P,Freq_N_PH,Freq_N_OG,Freq_N_OGH,OLD,OLDF,PLD,PLDF,BG_Mean,LD_Mean_RT,LD_Mean_RT_Zscore,LD_Mean_RT_SD,LD_Mean_Accuracy,WN_Mean_RT,WN_Zscore,WN_SD,WN_Mean_Accuracy,lsa_average_top_three_cosine,lsa_max_similarity_cosine,lsa_average_all_cosine,aoe_inverse_average,aoe_inverse_linear_regression_slope,aoe_index_above_threshold_40,aoe_inflection_point_polynomial
Pearson's r,C,1,0.25,0.324,0.016,0.164,0.105,0.446,0.11,0.341,-0.005,0.288,0.305,0.244,0.294,0.19,-0.165,-0.163,-0.049,-0.116,0.062,0.023,-0.013,-0.031,-0.008,0.059,0.001,0.026,0.017,-0.082,0.026,0.018,0.079,-0.003,-0.165,0.071,0.065,0.014,0.009,-0.002,-0.095,0.019,-0.013,0.024,0.053,0.067,-0.022,-0.056,0.012,-0.003,-0.001,0.014,0.118,-0.038,0.084,0.027,-0.098,0.004,-0.059,0.074,-0.007,0.087,0.052,0.008,-0.082,0,0.011,-0.029,0.177,0.078,0.042,0.03,0.174,0.177,0.131,0.114,-0.036,0.041,-0.143,0.151,0.123,0.059,-0.031,0.048,0.04,-0.173,0.121,-0.17,-0.123,-0.098,0.104,0.078,0.178,0.083
,ndwerz,0.25,1,0.671,0.664,0.719,0.401,0.402,0.554,0.294,0.361,0.699,0.674,0.85,0.582,0.835,-0.076,-0.232,-0.048,-0.019,-0.109,0.037,0.109,0.083,-0.028,-0.009,0.039,-0.146,-0.148,-0.11,-0.126,-0.175,-0.161,-0.048,0.006,0.06,0.021,-0.077,-0.034,-0.031,0.027,-0.159,-0.163,-0.102,-0.108,-0.098,0.023,-0.11,-0.041,0.088,0.086,0.1,0.031,0.072,0.058,0.018,0.01,0.024,0.03,-0.144,0.066,0.085,0.013,-0.089,0.084,-0.088,-0.099,0.048,0.069,0.038,0.103,0.105,0.071,0.069,-0.113,0.04,-0.024,0.063,-0.02,-0.007,0.035,0.052,-0.014,0.053,0.068,0.108,-0.071,0.088,0.118,0.08,-0.106,-0.161,-0.106,-0.098
,ndwesz,0.324,0.671,1,0.627,0.675,0.424,0.42,0.485,0.297,0.297,0.875,0.857,0.713,0.74,0.681,-0.077,-0.243,-0.048,0.017,-0.024,0.049,0.114,0.087,-0.005,-0.032,0.086,-0.089,-0.104,-0.096,-0.113,-0.166,-0.161,-0.082,-0.112,-0.031,-0.108,-0.107,0.02,-0.073,0.004,-0.117,-0.114,-0.124,-0.123,-0.117,-0.057,-0.189,0.001,-0.12,-0.12,-0.062,-0.117,-0.045,0.08,-0.077,-0.06,-0.028,0.031,-0.118,0.076,0.152,0.003,-0.058,0.081,-0.046,-0.048,0.047,0.069,-0.013,-0.018,-0.012,0.073,0.069,-0.069,0.027,-0.013,0.054,-0.146,0.117,0.117,0.15,-0.046,0.074,0.094,0.081,-0.02,0.023,0.071,0.032,-0.002,0.024,0.009,-0.001
,logttr,0.016,0.664,0.627,1,0.944,0.686,0.375,0.859,0.414,0.574,0.636,0.627,0.611,0.506,0.639,-0.13,-0.287,-0.101,-0.048,-0.102,-0.013,0.089,0.059,-0.06,0.094,0.073,-0.253,-0.287,-0.195,-0.209,-0.242,-0.24,-0.084,-0.073,0.063,-0.035,-0.208,-0.127,-0.113,-0.064,-0.272,-0.265,-0.143,-0.159,-0.12,-0.009,-0.052,-0.157,0.073,0.07,0.06,-0.065,0.117,0.041,0.015,0.067,-0.054,0.05,-0.19,0.029,0.122,-0.028,-0.166,0.115,-0.028,-0.035,0.108,-0.019,-0.04,0.052,0.058,-0.024,-0.019,-0.062,-0.061,-0.021,0.024,-0.064,0.087,0.088,0.093,-0.041,0.068,0.062,0.172,-0.085,0.085,0.136,0.059,0.015,-0.039,0.031,0.021
,uber,0.164,0.719,0.675,0.944,1,0.676,0.503,0.835,0.439,0.573,0.678,0.674,0.664,0.594,0.679,-0.128,-0.295,-0.091,-0.036,-0.035,0.037,0.075,0.017,-0.075,0.065,0.094,-0.196,-0.262,-0.173,-0.167,-0.186,-0.184,-0.033,-0.043,0.077,-0.007,-0.161,-0.098,-0.049,-0.018,-0.232,-0.216,-0.081,-0.091,-0.075,-0.005,-0.053,-0.112,0.126,0.124,0.105,-0.012,0.11,0.04,0.037,0.063,0.006,0.041,-0.162,0.006,0.107,-0.004,-0.104,0.1,-0.031,-0.036,0.095,0.058,0.008,0.062,0.059,0.056,0.058,-0.047,-0.024,-0.027,0.031,-0.118,0.095,0.081,0.082,-0.038,0.075,0.075,0.132,-0.107,0.063,0.108,0.024,-0.015,-0.052,0.019,-0.013
,lv,0.105,0.401,0.424,0.686,0.676,1,0.667,0.709,0.527,0.225,0.42,0.419,0.309,0.325,0.249,-0.12,-0.151,-0.096,-0.115,-0.146,-0.007,-0.004,-0.003,-0.051,0.16,-0.029,-0.248,-0.294,-0.206,-0.186,-0.194,-0.202,-0.035,-0.034,0.032,-0.06,-0.12,-0.05,-0.08,-0.005,-0.241,-0.249,-0.024,-0.035,0.049,0.164,0.023,-0.092,0.038,0.03,0.047,0.03,0.044,0.094,0.093,-0.043,0.011,0.077,-0.027,-0.048,0.141,-0.022,-0.171,0.001,-0.128,-0.126,-0.005,0.024,-0.057,-0.019,-0.022,0.008,0.024,0.076,-0.172,0.135,-0.109,0.038,0.119,0.102,0.067,-0.026,0.093,0.055,0.243,-0.01,-0.02,0.057,0.026,0.002,-0.16,0.017,-0.001
,vv1,0.446,0.402,0.42,0.375,0.503,0.667,1,0.411,0.74,0.081,0.353,0.365,0.308,0.31,0.219,-0.05,-0.119,-0.018,-0.022,0.047,0.107,-0.029,-0.087,-0.095,0.072,-0.025,-0.008,-0.072,-0.009,-0.002,-0.01,-0.035,0.027,-0.034,0.073,-0.036,0.034,0.079,0.023,0.044,-0.008,0,0.015,0.017,-0.008,0.069,-0.074,0.049,0.055,0.052,0.004,0.077,0.075,0.011,0.08,-0.059,0.064,0.012,0.076,-0.094,0.11,0.054,0.027,0.035,-0.044,-0.042,0.007,0.122,-0.01,0.034,0.013,0.122,0.122,0.067,-0.053,0.115,-0.006,-0.095,0.076,0.013,0.038,0,0.114,0.108,0.044,0.034,-0.099,-0.025,-0.023,0.011,-0.09,0.09,0.005
,cvv1,0.11,0.554,0.485,0.859,0.835,0.709,0.411,1,0.542,0.723,0.511,0.515,0.435,0.382,0.48,-0.093,-0.224,-0.078,-0.039,-0.058,0.018,0.031,-0.001,-0.079,0.106,0.017,-0.176,-0.247,-0.146,-0.179,-0.153,-0.198,-0.035,-0.054,0.072,-0.025,-0.159,-0.096,-0.057,-0.026,-0.235,-0.204,-0.087,-0.104,-0.098,0.054,-0.019,-0.14,0.119,0.113,0.043,-0.028,0.034,-0.05,0.052,0.051,-0.007,0.054,-0.107,-0.003,0.058,-0.034,-0.116,0.138,-0.063,-0.066,0.088,-0.029,-0.055,0.062,0.064,-0.036,-0.029,-0.086,-0.006,-0.033,0.055,-0.028,0.101,0.087,0.123,-0.028,-0.013,-0.011,0.105,-0.109,0.037,0.069,0.028,0.058,-0.051,0.061,0.066
,vv2,0.341,0.294,0.297,0.414,0.439,0.527,0.74,0.542,1,0.282,0.233,0.248,0.163,0.169,0.187,-0.077,-0.143,-0.014,-0.033,0.074,0.081,-0.081,-0.14,-0.128,0.078,-0.02,-0.027,-0.106,-0.064,-0.042,-0.019,-0.038,-0.018,-0.151,0.055,-0.02,-0.004,0.042,-0.02,-0.047,-0.072,-0.056,-0.06,-0.057,-0.122,0.011,-0.146,-0.015,0.048,0.044,-0.017,0.065,0.047,-0.093,0.049,0.013,-0.008,-0.038,0.008,-0.088,0.092,0.034,0.003,0.077,-0.001,0.005,0.064,0.067,0.012,0.112,0.104,0.066,0.067,-0.031,0.025,-0.018,0.122,-0.131,0.104,0.042,0.02,-0.076,0.049,0.056,-0.067,0.007,-0.062,-0.029,-0.013,0.088,-0.047,0.147,0.094
,nv,-0.005,0.361,0.297,0.574,0.573,0.225,0.081,0.723,0.282,1,0.291,0.281,0.292,0.192,0.428,-0.027,-0.188,-0.076,0.074,0.007,0.04,0.102,0.04,-0.03,-0.081,0.145,-0.071,-0.133,-0.084,-0.187,-0.124,-0.185,0,-0.018,0.022,0.062,-0.192,-0.132,-0.029,-0.044,-0.18,-0.12,-0.114,-0.145,-0.153,-0.082,-0.018,-0.201,0.148,0.144,0.048,-0.047,0.062,-0.094,0.013,0.088,-0.056,0.032,-0.104,-0.029,-0.056,-0.091,-0.079,0.182,0.024,0.01,0.14,-0.054,-0.016,0.057,0.06,-0.052,-0.054,-0.206,0.129,-0.193,0.216,-0.099,0.03,0.015,0.106,-0.048,-0.088,-0.06,-0.093,-0.103,0.093,0.092,0.06,-0.006,0.087,0.015,0.034
,mattr,0.288,0.699,0.875,0.636,0.678,0.42,0.353,0.511,0.233,0.291,1,0.952,0.837,0.879,0.736,-0.094,-0.212,-0.077,0.003,-0.012,0.062,0.049,0.058,0.007,0.034,0.011,-0.085,-0.103,-0.082,-0.091,-0.166,-0.152,-0.101,-0.142,-0.03,-0.12,-0.096,0.012,-0.077,-0.016,-0.097,-0.097,-0.151,-0.154,-0.174,-0.063,-0.21,-0.015,-0.113,-0.115,-0.091,-0.077,-0.088,0.012,-0.079,-0.078,-0.042,0.057,-0.108,0.026,0.117,-0.011,-0.041,0.067,-0.022,-0.02,0.023,0.021,-0.058,-0.037,-0.03,0.022,0.021,-0.082,-0.006,-0.061,0.035,-0.112,0.07,0.054,0.117,-0.022,0.066,0.067,0.104,-0.068,0.014,0.064,0.025,0.015,0.004,0.043,0.025
,msttr,0.305,0.674,0.857,0.627,0.674,0.419,0.365,0.515,0.248,0.281,0.952,1,0.802,0.859,0.699,-0.17,-0.234,-0.126,-0.019,-0.034,0.029,0.046,0.063,0.058,0.051,0.023,-0.107,-0.108,-0.121,-0.091,-0.198,-0.169,-0.118,-0.179,-0.01,-0.135,-0.127,-0.025,-0.114,-0.058,-0.103,-0.122,-0.181,-0.175,-0.186,-0.062,-0.182,-0.037,-0.094,-0.093,-0.053,-0.065,-0.089,0.027,-0.085,-0.079,-0.058,0.064,-0.094,0.04,0.117,-0.011,-0.055,0.036,-0.013,-0.003,0.008,0.019,-0.068,-0.084,-0.078,0.018,0.019,-0.015,-0.044,-0.03,-0.053,-0.142,0.065,0.058,0.08,0.014,0.097,0.09,0.094,-0.066,0.045,0.092,0.026,0.038,0.015,0.058,0.042
,mtld,0.244,0.85,0.713,0.611,0.664,0.309,0.308,0.435,0.163,0.292,0.837,0.802,1,0.715,0.872,-0.185,-0.204,-0.139,-0.068,-0.084,0.004,0.101,0.087,0.041,0.039,0.003,-0.131,-0.099,-0.146,-0.088,-0.2,-0.14,-0.107,-0.145,-0.022,-0.085,-0.087,-0.028,-0.066,-0.053,-0.098,-0.143,-0.183,-0.182,-0.162,-0.031,-0.181,-0.045,-0.047,-0.045,0.019,0,-0.001,0.019,-0.068,-0.06,-0.058,0.023,-0.192,0.056,0.101,-0.002,-0.089,0.026,-0.029,-0.028,0.027,0.078,0.017,-0.002,0.004,0.081,0.078,-0.066,0.013,-0.076,0.028,-0.099,0.021,0.026,0.006,0.016,0.105,0.096,0.067,-0.03,0.04,0.078,0.028,-0.084,-0.13,-0.042,-0.084
,hdd,0.294,0.582,0.74,0.506,0.594,0.325,0.31,0.382,0.169,0.192,0.879,0.859,0.715,1,0.648,-0.103,-0.18,-0.099,-0.012,0.021,0.125,0.002,0.062,0.042,0.059,0.021,-0.077,-0.115,-0.079,-0.07,-0.125,-0.126,-0.09,-0.149,0.008,-0.06,-0.095,-0.024,-0.066,-0.041,-0.089,-0.087,-0.138,-0.14,-0.17,-0.11,-0.161,-0.031,-0.069,-0.07,-0.05,-0.056,-0.105,0.064,-0.037,-0.074,-0.02,0.084,-0.127,0.022,0.06,-0.018,-0.015,-0.016,-0.073,-0.063,-0.071,0.049,-0.041,-0.058,-0.057,0.046,0.049,-0.016,-0.051,-0.036,-0.025,-0.134,0.1,0.089,0.089,-0.016,0.127,0.135,0.102,-0.074,0.009,0.033,0.021,0.033,0,0.068,0.048
,vocd,0.19,0.835,0.681,0.639,0.679,0.249,0.219,0.48,0.187,0.428,0.736,0.699,0.872,0.648,1,-0.17,-0.297,-0.153,-0.063,-0.081,-0.028,0.215,0.157,0.01,-0.065,0.135,-0.147,-0.151,-0.175,-0.191,-0.2,-0.18,-0.071,-0.125,0.006,0.01,-0.076,-0.019,-0.009,-0.01,-0.191,-0.205,-0.184,-0.192,-0.145,-0.044,-0.119,-0.065,0.039,0.039,0.09,-0.011,0.053,0.064,-0.026,0.015,-0.005,-0.047,-0.154,-0.02,0.023,-0.079,-0.141,0.081,-0.001,-0.013,0.099,0.071,0.062,0.079,0.086,0.074,0.071,-0.129,0.099,-0.137,0.152,-0.108,0.026,0.046,0.066,-0.049,0.101,0.09,0.084,-0.024,0.118,0.14,0.087,-0.132,-0.108,-0.114,-0.109
,KF_Freq_AW_Log,-0.165,-0.076,-0.077,-0.13,-0.128,-0.12,-0.05,-0.093,-0.077,-0.027,-0.094,-0.17,-0.185,-0.103,-0.17,1,0.396,0.868,0.646,0.35,0.299,-0.195,-0.293,-0.462,-0.131,-0.154,0.365,0.209,0.799,0.464,0.51,0.301,0.142,0.558,-0.039,0.136,0.342,0.414,0.195,0.409,0.282,0.548,0.42,0.382,0.125,-0.207,0.12,0.387,-0.069,-0.076,-0.314,-0.262,0.035,-0.268,-0.155,0.017,0.243,0.14,0.097,-0.053,-0.06,0.439,0.579,0.388,-0.026,-0.053,0.17,-0.169,-0.002,0.344,0.342,-0.162,-0.169,-0.435,0.22,-0.046,0.468,0.152,-0.243,-0.283,0.151,-0.044,-0.109,0.008,0.125,-0.018,-0.186,-0.206,-0.053,-0.08,0.1,-0.012,-0.06
,KF_Ncats_AW,-0.163,-0.232,-0.243,-0.287,-0.295,-0.151,-0.119,-0.224,-0.143,-0.188,-0.212,-0.234,-0.204,-0.18,-0.297,0.396,1,0.366,0.3,0.299,0.296,-0.246,-0.099,0.238,-0.033,-0.313,0.458,0.612,0.39,0.614,0.523,0.613,-0.074,-0.07,-0.111,-0.164,0.457,0.388,0.233,0.228,0.603,0.504,0.16,0.225,0.12,0.086,0.01,0.473,-0.151,-0.139,-0.119,0.004,-0.201,-0.025,-0.025,0.009,0.256,-0.123,-0.114,0.183,-0.348,0.392,0.498,0.159,0.262,0.28,0.065,0.008,-0.028,-0.138,-0.136,0.003,0.008,-0.068,0.088,-0.131,0.05,-0.111,-0.327,-0.333,-0.275,0.371,-0.311,-0.337,-0.183,0.124,-0.338,-0.353,-0.388,-0.085,-0.014,-0.027,-0.115
,KF_Nsamp_AW,-0.049,-0.048,-0.048,-0.101,-0.091,-0.096,-0.018,-0.078,-0.014,-0.076,-0.077,-0.126,-0.139,-0.099,-0.153,0.868,0.366,1,0.52,0.331,0.167,-0.417,-0.508,-0.543,0.082,-0.319,0.28,0.195,0.714,0.605,0.475,0.414,0.141,0.504,-0.059,0.155,0.316,0.378,0.172,0.318,0.329,0.516,0.446,0.445,0.166,-0.11,0.074,0.411,-0.058,-0.053,-0.302,-0.207,-0.007,-0.279,-0.091,-0.019,0.276,0.148,0.022,0.001,0.013,0.692,0.599,0.317,-0.055,-0.072,0.166,-0.127,-0.021,0.319,0.309,-0.128,-0.127,-0.313,0.12,-0.015,0.389,0.135,-0.208,-0.263,0.082,-0.008,-0.068,0.038,0.166,-0.013,-0.295,-0.31,-0.208,0.015,0.126,0.127,0.006
,TL_Freq_AW_Log,-0.116,-0.019,0.017,-0.048,-0.036,-0.115,-0.022,-0.039,-0.033,0.074,0.003,-0.019,-0.068,-0.012,-0.063,0.646,0.3,0.52,1,0.52,0.201,-0.082,-0.089,-0.224,-0.273,-0.045,0.529,0.54,0.785,0.567,0.223,0.152,-0.018,0.31,0.004,0.179,0.221,0.543,0.106,0.427,0.585,0.703,0.257,0.253,0.112,-0.182,0.111,0.521,-0.025,-0.026,-0.157,-0.213,-0.057,-0.077,-0.026,0.076,0.307,-0.035,-0.058,0.07,0.08,0.46,0.578,0.485,0.249,0.221,0.277,-0.277,-0.271,-0.099,-0.106,-0.262,-0.277,-0.416,0.19,-0.202,0.329,-0.359,-0.294,-0.351,0.071,0.077,-0.329,-0.222,-0.016,-0.069,-0.244,-0.224,-0.167,-0.238,0.075,-0.197,-0.211
,Brown_Freq_AW_Log,0.062,-0.109,-0.024,-0.102,-0.035,-0.146,0.047,-0.058,0.074,0.007,-0.012,-0.034,-0.084,0.021,-0.081,0.35,0.299,0.331,0.52,1,0.327,-0.132,-0.305,-0.024,-0.282,-0.083,0.827,0.589,0.606,0.615,0.622,0.606,0.424,0.155,0.251,0.189,0.56,0.617,0.623,0.522,0.685,0.795,0.535,0.566,0.363,0.1,0.083,0.658,0.289,0.301,0.073,0.127,-0.17,-0.207,0.149,-0.064,0.648,-0.287,0.078,-0.102,0.034,0.349,0.817,0.152,0.294,0.296,0.196,0.383,0.312,0.116,0.087,0.39,0.383,-0.172,0.488,-0.393,0.389,-0.437,0.023,-0.015,-0.123,-0.035,-0.248,-0.289,-0.241,0.013,-0.273,-0.266,-0.278,-0.084,0.11,-0.045,-0.099
,MRC_Familiarity_AW,0.023,0.037,0.049,-0.013,0.037,-0.007,0.107,0.018,0.081,0.04,0.062,0.029,0.004,0.125,-0.028,0.299,0.296,0.167,0.201,0.327,1,-0.001,-0.01,0.119,-0.374,0.071,0.449,0.231,0.258,0.144,0.503,0.358,0.322,0.179,0.249,0.074,0.329,0.219,0.345,0.27,0.226,0.353,0.402,0.397,0.23,-0.061,0.128,0.198,0.203,0.193,0.028,0.048,-0.073,-0.171,0.037,-0.045,0.249,-0.312,0.108,0.049,-0.223,-0.041,0.393,0.127,0.112,0.122,0.037,0.276,0.324,0.165,0.157,0.277,0.276,-0.256,0.444,-0.291,0.439,-0.052,-0.174,-0.095,-0.24,-0.027,-0.279,-0.258,-0.243,0.089,-0.087,-0.114,0.025,-0.128,-0.045,-0.045,-0.139
,MRC_Concreteness_AW,-0.013,0.109,0.114,0.089,0.075,-0.004,-0.029,0.031,-0.081,0.102,0.049,0.046,0.101,0.002,0.215,-0.195,-0.246,-0.417,-0.082,-0.132,-0.001,1,0.819,0.429,-0.615,0.769,-0.015,-0.011,-0.197,-0.358,-0.227,-0.289,-0.058,-0.063,0.011,-0.014,-0.123,-0.061,-0.062,0.04,-0.237,-0.244,-0.168,-0.209,0.001,0.013,0.07,-0.171,-0.019,-0.042,0.142,0.024,0.126,0.273,0.156,0.027,-0.154,-0.333,0.112,0.083,0.007,-0.478,-0.344,0.197,0.244,0.218,0.364,-0.03,0.05,-0.063,-0.06,-0.036,-0.03,-0.312,0.215,-0.3,0.16,-0.103,0.058,0.046,0.169,-0.195,0.127,0.091,-0.126,0.073,0.232,0.275,0.141,-0.438,-0.184,-0.472,-0.401
,MRC_Imageability_AW,-0.031,0.083,0.087,0.059,0.017,-0.003,-0.087,-0.001,-0.14,0.04,0.058,0.063,0.087,0.062,0.157,-0.293,-0.099,-0.508,-0.089,-0.305,-0.01,0.819,1,0.664,-0.438,0.576,-0.107,0.076,-0.258,-0.315,-0.381,-0.368,-0.221,-0.117,-0.069,-0.034,-0.289,-0.196,-0.252,-0.099,-0.171,-0.285,-0.29,-0.312,-0.08,-0.002,0.069,-0.247,-0.107,-0.126,0.077,-0.016,-0.014,0.34,0.088,0.069,-0.272,-0.279,-0.084,0.298,-0.038,-0.439,-0.458,0.218,0.272,0.257,0.274,-0.199,-0.171,-0.282,-0.268,-0.202,-0.199,-0.254,0.049,-0.213,-0.022,-0.1,-0.148,-0.094,-0.026,0.008,-0.039,-0.061,-0.094,0.17,0.131,0.135,0.095,-0.311,-0.16,-0.367,-0.291
,MRC_Meaningfulness_AW,-0.008,-0.028,-0.005,-0.06,-0.075,-0.051,-0.095,-0.079,-0.128,-0.03,0.007,0.058,0.041,0.042,0.01,-0.462,0.238,-0.543,-0.224,-0.024,0.119,0.429,0.664,1,-0.224,0.279,0.149,0.309,-0.332,-0.074,-0.095,0.054,-0.022,-0.302,0.036,-0.139,-0.037,-0.113,0.049,-0.078,0.147,-0.071,-0.106,-0.065,0.068,0.182,-0.046,-0.039,0.044,0.046,0.157,0.161,-0.237,0.177,0.125,-0.121,0.004,-0.402,-0.133,0.283,-0.161,-0.307,-0.169,-0.038,0.324,0.344,0.103,0.16,0.049,-0.349,-0.337,0.155,0.16,0.021,0.104,-0.247,-0.179,-0.144,-0.078,-0.016,-0.276,0.217,-0.191,-0.315,-0.211,0.191,0.042,0.03,-0.121,-0.166,-0.152,-0.217,-0.182
,Kuperman_AoA_AW,0.059,-0.009,-0.032,0.094,0.065,0.16,0.072,0.106,0.078,-0.081,0.034,0.051,0.039,0.059,-0.065,-0.131,-0.033,0.082,-0.273,-0.282,-0.374,-0.615,-0.438,-0.224,1,-0.556,-0.489,-0.364,-0.183,0.039,-0.244,-0.168,-0.147,-0.021,-0.055,-0.028,-0.321,-0.319,-0.298,-0.324,-0.141,-0.22,-0.12,-0.105,-0.135,0.099,-0.113,-0.21,0.006,0.022,-0.09,0.037,-0.009,-0.103,-0.042,-0.052,-0.168,0.487,-0.146,-0.087,0.105,0.33,-0.144,-0.412,-0.441,-0.416,-0.453,-0.203,-0.313,-0.084,-0.09,-0.2,-0.203,0.534,-0.649,0.623,-0.551,0.246,0.121,0.042,0.076,0.256,0.198,0.252,0.388,-0.109,-0.121,-0.115,-0.122,0.566,0.152,0.546,0.554
,Brysbaert_Concreteness_Combined_AW,0.001,0.039,0.086,0.073,0.094,-0.029,-0.025,0.017,-0.02,0.145,0.011,0.023,0.003,0.021,0.135,-0.154,-0.313,-0.319,-0.045,-0.083,0.071,0.769,0.576,0.279,-0.556,1,-0.027,-0.089,-0.18,-0.322,-0.194,-0.239,-0.003,-0.043,0.034,-0.006,-0.146,-0.097,-0.059,0.015,-0.242,-0.215,-0.12,-0.153,-0.017,-0.088,0.016,-0.19,0.083,0.061,0.179,0.059,0.138,0.275,0.168,0.027,-0.107,-0.338,0.113,-0.039,0.004,-0.418,-0.282,0.142,0.277,0.251,0.301,0.026,0.129,0.055,0.04,0.02,0.026,-0.249,0.221,-0.295,0.206,-0.141,0.107,0.083,0.17,-0.236,0.134,0.115,-0.141,-0.016,0.274,0.282,0.158,-0.364,-0.139,-0.39,-0.332
,SUBTLEXus_Freq_AW_Log,0.026,-0.146,-0.089,-0.253,-0.196,-0.248,-0.008,-0.176,-0.027,-0.071,-0.085,-0.107,-0.131,-0.077,-0.147,0.365,0.458,0.28,0.529,0.827,0.449,-0.015,-0.107,0.149,-0.489,-0.027,1,0.82,0.634,0.602,0.724,0.709,0.383,0.103,0.164,0.057,0.687,0.677,0.655,0.57,0.773,0.856,0.515,0.55,0.348,0.059,0.073,0.71,0.159,0.167,-0.013,0.034,-0.26,-0.197,0.05,-0.057,0.646,-0.435,0.014,0.027,-0.122,0.212,0.809,0.32,0.447,0.447,0.299,0.375,0.326,0.131,0.117,0.39,0.375,-0.33,0.651,-0.526,0.506,-0.356,-0.2,-0.172,-0.278,0.068,-0.492,-0.54,-0.441,0.111,-0.315,-0.311,-0.295,-0.263,0.012,-0.212,-0.288
,SUBTLEXus_Range_AW_Log,0.017,-0.148,-0.104,-0.287,-0.262,-0.294,-0.072,-0.247,-0.106,-0.133,-0.103,-0.108,-0.099,-0.115,-0.151,0.209,0.612,0.195,0.54,0.589,0.231,-0.011,0.076,0.309,-0.364,-0.089,0.82,1,0.565,0.714,0.446,0.598,-0.024,-0.1,-0.061,-0.053,0.535,0.625,0.344,0.393,0.892,0.779,0.198,0.265,0.173,0.058,-0.012,0.687,-0.071,-0.06,-0.068,0,-0.277,-0.009,0.03,-0.041,0.442,-0.403,-0.13,0.285,-0.105,0.359,0.61,0.346,0.515,0.514,0.313,0.085,-0.03,-0.222,-0.232,0.09,0.085,-0.241,0.359,-0.424,0.235,-0.426,-0.363,-0.357,-0.324,0.301,-0.53,-0.547,-0.379,0.196,-0.356,-0.33,-0.418,-0.291,0.009,-0.237,-0.334
,BNC_Written_Freq_AW_Log,-0.082,-0.11,-0.096,-0.195,-0.173,-0.206,-0.009,-0.146,-0.064,-0.084,-0.082,-0.121,-0.146,-0.079,-0.175,0.799,0.39,0.714,0.785,0.606,0.258,-0.197,-0.258,-0.332,-0.183,-0.18,0.634,0.565,1,0.78,0.47,0.361,0.119,0.433,-0.035,0.123,0.435,0.663,0.295,0.554,0.671,0.841,0.4,0.392,0.156,-0.099,0.157,0.644,-0.037,-0.038,-0.28,-0.171,-0.091,-0.257,-0.065,0.049,0.424,-0.064,0.041,0.022,0.062,0.6,0.78,0.375,0.106,0.089,0.197,-0.092,-0.065,0.117,0.108,-0.081,-0.092,-0.379,0.265,-0.147,0.398,-0.191,-0.237,-0.277,0.047,0.033,-0.253,-0.173,-0.006,-0.039,-0.284,-0.297,-0.231,-0.078,0.149,-0.022,-0.07
,BNC_Written_Range_AW,0.026,-0.126,-0.113,-0.209,-0.167,-0.186,-0.002,-0.179,-0.042,-0.187,-0.091,-0.091,-0.088,-0.07,-0.191,0.464,0.614,0.605,0.567,0.615,0.144,-0.358,-0.315,-0.074,0.039,-0.322,0.602,0.714,0.78,1,0.427,0.566,0.037,0.152,-0.084,0.017,0.438,0.64,0.301,0.441,0.86,0.816,0.344,0.408,0.224,0.108,0.095,0.727,-0.031,-0.016,-0.142,0.017,-0.199,-0.128,0.048,0.023,0.49,-0.173,-0.085,0.158,0.015,0.824,0.789,0.219,0.216,0.225,0.171,0.032,-0.064,-0.108,-0.124,0.033,0.032,-0.127,0.133,-0.153,0.151,-0.387,-0.225,-0.272,-0.173,0.201,-0.265,-0.248,-0.081,0.011,-0.431,-0.445,-0.531,-0.011,0.111,0.071,-0.047
,BNC_Spoken_Freq_AW_Log,0.018,-0.175,-0.166,-0.242,-0.186,-0.194,-0.01,-0.153,-0.019,-0.124,-0.166,-0.198,-0.2,-0.125,-0.2,0.51,0.523,0.475,0.223,0.622,0.503,-0.227,-0.381,-0.095,-0.244,-0.194,0.724,0.446,0.47,0.427,1,0.894,0.453,0.203,0.175,-0.002,0.766,0.44,0.665,0.416,0.422,0.58,0.589,0.617,0.337,-0.003,-0.001,0.506,0.113,0.124,-0.068,-0.026,-0.186,-0.298,-0.03,-0.138,0.498,-0.25,0.081,-0.166,-0.334,0.181,0.732,0.141,0.248,0.254,0.094,0.402,0.46,0.421,0.404,0.403,0.402,-0.164,0.528,-0.323,0.466,0.095,-0.165,-0.165,-0.268,0.142,-0.327,-0.347,-0.365,0.167,-0.311,-0.336,-0.223,-0.104,0.02,-0.037,-0.14
,BNC_Spoken_Range_AW,0.079,-0.161,-0.161,-0.24,-0.184,-0.202,-0.035,-0.198,-0.038,-0.185,-0.152,-0.169,-0.14,-0.126,-0.18,0.301,0.613,0.414,0.152,0.606,0.358,-0.289,-0.368,0.054,-0.168,-0.239,0.709,0.598,0.361,0.566,0.894,1,0.306,0.012,0.104,-0.058,0.763,0.461,0.6,0.339,0.561,0.565,0.485,0.561,0.342,0.087,-0.064,0.578,0.061,0.081,-0.01,0.062,-0.25,-0.185,0.025,-0.149,0.501,-0.33,-0.026,-0.011,-0.32,0.33,0.7,0.129,0.401,0.414,0.164,0.431,0.402,0.239,0.22,0.425,0.431,-0.069,0.471,-0.37,0.343,-0.061,-0.191,-0.19,-0.402,0.241,-0.337,-0.416,-0.389,0.218,-0.428,-0.444,-0.435,-0.126,-0.013,-0.043,-0.191
,BNC_Spoken_Bigram_Normed_Freq_Log,-0.003,-0.048,-0.082,-0.084,-0.033,-0.035,0.027,-0.035,-0.018,0,-0.101,-0.118,-0.107,-0.09,-0.071,0.142,-0.074,0.141,-0.018,0.424,0.322,-0.058,-0.221,-0.022,-0.147,-0.003,0.383,-0.024,0.119,0.037,0.453,0.306,1,0.534,0.546,0.389,0.175,0.07,0.67,0.363,0.051,0.25,0.804,0.769,0.651,0.292,0.324,0.08,0.593,0.591,0.25,0.266,0.081,-0.25,0.27,-0.045,0.488,-0.169,0.19,-0.329,-0.064,-0.027,0.364,-0.076,-0.069,-0.063,-0.045,0.442,0.495,0.405,0.385,0.456,0.442,-0.031,0.399,-0.14,0.34,0.054,0.086,0.138,-0.121,-0.146,-0.129,-0.153,-0.221,-0.063,-0.067,-0.108,0.023,0.041,0.005,0.009,0.057
,BNC_Written_Bigram_Freq_Normed_Log,-0.165,0.006,-0.112,-0.073,-0.043,-0.034,-0.034,-0.054,-0.151,-0.018,-0.142,-0.179,-0.145,-0.149,-0.125,0.558,-0.07,0.504,0.31,0.155,0.179,-0.063,-0.117,-0.302,-0.021,-0.043,0.103,-0.1,0.433,0.152,0.203,0.012,0.534,1,0.252,0.459,0.02,0.057,0.251,0.45,-0.004,0.228,0.655,0.588,0.5,0.194,0.389,0.071,0.361,0.351,0.077,0.041,0.216,-0.119,0.188,0.083,0.264,0.139,0.169,-0.082,0.042,0.26,0.256,0.199,-0.191,-0.212,0.045,-0.099,-0.008,0.299,0.282,-0.084,-0.099,-0.262,0.107,0.13,0.258,0.236,-0.164,-0.162,0.099,-0.127,-0.037,0.07,0.142,-0.084,-0.108,-0.17,-0.01,-0.021,0.05,-0.017,0.015
,BNC_Spoken_Trigram_Normed_Freq_Log,0.071,0.06,-0.031,0.063,0.077,0.032,0.073,0.072,0.055,0.022,-0.03,-0.01,-0.022,0.008,0.006,-0.039,-0.111,-0.059,0.004,0.251,0.249,0.011,-0.069,0.036,-0.055,0.034,0.164,-0.061,-0.035,-0.084,0.175,0.104,0.546,0.252,1,0.611,-0.028,-0.081,0.197,0.064,-0.016,0.069,0.382,0.351,0.352,0.234,0.313,-0.06,0.654,0.636,0.407,0.483,0.238,-0.087,0.526,0.06,0.163,-0.091,0.026,-0.183,-0.107,-0.11,0.132,-0.162,-0.042,-0.026,-0.146,0.267,0.191,0.096,0.1,0.273,0.267,0.138,0.174,-0.013,0.102,-0.062,0.001,0.035,-0.11,0.066,-0.057,-0.067,-0.183,0.087,0.006,0.034,0.11,0.061,0.046,0.025,0.07
,BNC_Written_Trigram_Freq_Normed_Log,0.065,0.021,-0.108,-0.035,-0.007,-0.06,-0.036,-0.025,-0.02,0.062,-0.12,-0.135,-0.085,-0.06,0.01,0.136,-0.164,0.155,0.179,0.189,0.074,-0.014,-0.034,-0.139,-0.028,-0.006,0.057,-0.053,0.123,0.017,-0.002,-0.058,0.389,0.459,0.611,1,-0.206,-0.135,0.126,0.041,-0.002,0.095,0.383,0.344,0.337,0.182,0.331,-0.13,0.622,0.608,0.374,0.429,0.327,0.008,0.469,0.156,0.136,0.057,-0.011,-0.08,0.094,0.119,0.067,-0.045,-0.151,-0.155,-0.105,0.006,-0.039,0.133,0.13,0.016,0.006,0.012,0.041,0.022,0.155,-0.049,-0.087,-0.091,-0.022,-0.009,-0.034,-0.007,-0.025,0.013,-0.031,-0.004,0.055,0.001,0.065,0.028,0.039
,BNC_Spoken_Bigram_Proportion,0.014,-0.077,-0.107,-0.208,-0.161,-0.12,0.034,-0.159,-0.004,-0.192,-0.096,-0.127,-0.087,-0.095,-0.076,0.342,0.457,0.316,0.221,0.56,0.329,-0.123,-0.289,-0.037,-0.321,-0.146,0.687,0.535,0.435,0.438,0.766,0.763,0.175,0.02,-0.028,-0.206,1,0.778,0.699,0.61,0.509,0.566,0.364,0.408,0.306,0.132,0,0.789,-0.033,-0.019,-0.017,-0.028,-0.238,-0.062,-0.004,-0.105,0.636,-0.314,0.106,-0.074,-0.139,0.16,0.643,0.18,0.293,0.289,0.177,0.397,0.4,0.252,0.231,0.392,0.397,-0.161,0.497,-0.327,0.378,0.009,-0.037,-0.043,-0.163,-0.004,-0.231,-0.257,-0.274,0.113,-0.215,-0.228,-0.273,-0.226,-0.073,-0.174,-0.263
,BNC_Written_Bigram_Proportion,0.009,-0.034,0.02,-0.127,-0.098,-0.05,0.079,-0.096,0.042,-0.132,0.012,-0.025,-0.028,-0.024,-0.019,0.414,0.388,0.378,0.543,0.617,0.219,-0.061,-0.196,-0.113,-0.319,-0.097,0.677,0.625,0.663,0.64,0.44,0.461,0.07,0.057,-0.081,-0.135,0.778,1,0.548,0.751,0.681,0.724,0.307,0.34,0.322,0.204,0.128,0.924,-0.047,-0.042,-0.006,-0.003,-0.168,0.069,0.068,0.02,0.684,-0.237,0.079,0.038,0.115,0.4,0.696,0.308,0.261,0.25,0.291,0.151,0.138,0.02,0.003,0.152,0.151,-0.273,0.364,-0.288,0.353,-0.32,-0.032,-0.065,0.008,-0.115,-0.202,-0.183,-0.109,-0.043,-0.196,-0.188,-0.307,-0.274,-0.037,-0.218,-0.29
,BNC_Spoken_Trigram_Proportion,-0.002,-0.031,-0.073,-0.113,-0.049,-0.08,0.023,-0.057,-0.02,-0.029,-0.077,-0.114,-0.066,-0.066,-0.009,0.195,0.233,0.172,0.106,0.623,0.345,-0.062,-0.252,0.049,-0.298,-0.059,0.655,0.344,0.295,0.301,0.665,0.6,0.67,0.251,0.197,0.126,0.699,0.548,1,0.72,0.375,0.494,0.661,0.674,0.595,0.337,0.213,0.553,0.434,0.446,0.282,0.194,-0.063,-0.065,0.181,-0.011,0.854,-0.309,0.132,-0.184,-0.115,0.074,0.589,0.068,0.153,0.156,0.11,0.49,0.503,0.322,0.297,0.499,0.49,-0.084,0.487,-0.303,0.372,-0.06,0.077,0.102,-0.179,-0.079,-0.224,-0.274,-0.267,-0.019,-0.127,-0.173,-0.171,-0.164,-0.084,-0.15,-0.178
,BNC_Written_Trigram_Proportion,-0.095,0.027,0.004,-0.064,-0.018,-0.005,0.044,-0.026,-0.047,-0.044,-0.016,-0.058,-0.053,-0.041,-0.01,0.409,0.228,0.318,0.427,0.522,0.27,0.04,-0.099,-0.078,-0.324,0.015,0.57,0.393,0.554,0.441,0.416,0.339,0.363,0.45,0.064,0.041,0.61,0.751,0.72,1,0.44,0.559,0.531,0.525,0.555,0.416,0.339,0.697,0.248,0.245,0.222,0.173,0.008,0.184,0.237,0.12,0.798,-0.202,0.116,0.02,0.025,0.26,0.572,0.357,0.175,0.162,0.302,0.166,0.186,0.152,0.132,0.177,0.166,-0.32,0.376,-0.24,0.357,-0.13,-0.08,-0.08,-0.044,-0.133,-0.235,-0.204,-0.093,-0.079,-0.14,-0.186,-0.232,-0.313,-0.099,-0.289,-0.308
,COCA_spoken_Range_Log_AW,0.019,-0.159,-0.117,-0.272,-0.232,-0.241,-0.008,-0.235,-0.072,-0.18,-0.097,-0.103,-0.098,-0.089,-0.191,0.282,0.603,0.329,0.585,0.685,0.226,-0.237,-0.171,0.147,-0.141,-0.242,0.773,0.892,0.671,0.86,0.422,0.561,0.051,-0.004,-0.016,-0.002,0.509,0.681,0.375,0.44,1,0.914,0.28,0.348,0.224,0.129,0.041,0.756,0.015,0.03,-0.048,0.055,-0.292,-0.096,0.081,-0.044,0.529,-0.27,-0.065,0.157,-0.002,0.565,0.736,0.21,0.337,0.341,0.171,0.128,-0.017,-0.218,-0.234,0.137,0.128,-0.125,0.239,-0.269,0.145,-0.487,-0.248,-0.261,-0.23,0.237,-0.433,-0.433,-0.239,0.05,-0.352,-0.334,-0.437,-0.112,0.081,-0.062,-0.146
,COCA_spoken_Frequency_Log_AW,-0.013,-0.163,-0.114,-0.265,-0.216,-0.249,0,-0.204,-0.056,-0.12,-0.097,-0.122,-0.143,-0.087,-0.205,0.548,0.504,0.516,0.703,0.795,0.353,-0.244,-0.285,-0.071,-0.22,-0.215,0.856,0.779,0.841,0.816,0.58,0.565,0.25,0.228,0.069,0.095,0.566,0.724,0.494,0.559,0.914,1,0.47,0.5,0.277,0.03,0.096,0.765,0.086,0.096,-0.121,-0.021,-0.246,-0.257,0.028,-0.055,0.601,-0.201,0.025,0.01,0.005,0.528,0.866,0.276,0.25,0.246,0.171,0.145,0.091,0.025,0.008,0.159,0.145,-0.267,0.378,-0.297,0.36,-0.372,-0.231,-0.244,-0.134,0.107,-0.409,-0.371,-0.218,-0.006,-0.321,-0.313,-0.32,-0.102,0.126,-0.046,-0.119
,COCA_spoken_Bigram_Frequency_Log,0.024,-0.102,-0.124,-0.143,-0.081,-0.024,0.015,-0.087,-0.06,-0.114,-0.151,-0.181,-0.183,-0.138,-0.184,0.42,0.16,0.446,0.257,0.535,0.402,-0.168,-0.29,-0.106,-0.12,-0.12,0.515,0.198,0.4,0.344,0.589,0.485,0.804,0.655,0.382,0.383,0.364,0.307,0.661,0.531,0.28,0.47,1,0.989,0.836,0.319,0.384,0.372,0.508,0.507,0.207,0.2,0.039,-0.16,0.272,-0.056,0.629,-0.157,0.146,-0.129,-0.068,0.266,0.58,0.116,0.033,0.034,0.074,0.334,0.386,0.391,0.363,0.341,0.334,-0.133,0.41,-0.146,0.396,0.016,-0.037,-0.039,-0.1,-0.086,-0.168,-0.169,-0.108,0.04,-0.256,-0.295,-0.174,-0.049,0.008,-0.023,-0.051
,COCA_spoken_Bigram_Range_Log,0.053,-0.108,-0.123,-0.159,-0.091,-0.035,0.017,-0.104,-0.057,-0.145,-0.154,-0.175,-0.182,-0.14,-0.192,0.382,0.225,0.445,0.253,0.566,0.397,-0.209,-0.312,-0.065,-0.105,-0.153,0.55,0.265,0.392,0.408,0.617,0.561,0.769,0.588,0.351,0.344,0.408,0.34,0.674,0.525,0.348,0.5,0.989,1,0.84,0.331,0.352,0.427,0.484,0.488,0.217,0.211,-0.009,-0.146,0.272,-0.079,0.656,-0.185,0.115,-0.088,-0.095,0.317,0.616,0.122,0.095,0.1,0.098,0.356,0.387,0.349,0.319,0.362,0.356,-0.114,0.418,-0.179,0.374,-0.04,-0.05,-0.054,-0.142,-0.046,-0.192,-0.209,-0.136,0.056,-0.299,-0.344,-0.253,-0.047,0.003,-0.016,-0.061
,COCA_spoken_bi_MI2,0.067,-0.098,-0.117,-0.12,-0.075,0.049,-0.008,-0.098,-0.122,-0.153,-0.174,-0.186,-0.162,-0.17,-0.145,0.125,0.12,0.166,0.112,0.363,0.23,0.001,-0.08,0.068,-0.135,-0.017,0.348,0.173,0.156,0.224,0.337,0.342,0.651,0.5,0.352,0.337,0.306,0.322,0.595,0.555,0.224,0.277,0.836,0.84,1,0.596,0.563,0.343,0.484,0.479,0.463,0.399,0.124,0.236,0.448,0.076,0.611,-0.194,0.088,-0.039,-0.045,0.173,0.337,0.035,0.079,0.078,0.075,0.307,0.313,0.164,0.133,0.305,0.307,-0.005,0.275,-0.096,0.177,-0.096,0.053,0.067,-0.091,-0.126,-0.071,-0.117,-0.077,0.06,-0.165,-0.196,-0.191,-0.115,-0.038,-0.121,-0.118
,COCA_spoken_bi_T,-0.022,0.023,-0.057,-0.009,-0.005,0.164,0.069,0.054,0.011,-0.082,-0.063,-0.062,-0.031,-0.11,-0.044,-0.207,0.086,-0.11,-0.182,0.1,-0.061,0.013,-0.002,0.182,0.099,-0.088,0.059,0.058,-0.099,0.108,-0.003,0.087,0.292,0.194,0.234,0.182,0.132,0.204,0.337,0.416,0.129,0.03,0.319,0.331,0.596,1,0.303,0.209,0.455,0.454,0.545,0.669,0.151,0.366,0.632,0.173,0.431,-0.102,0.068,0.049,0.073,0.101,0.083,-0.152,-0.098,-0.086,-0.043,0.226,0.087,-0.056,-0.071,0.221,0.226,0.199,-0.054,0.102,-0.173,-0.024,0.116,0.113,-0.07,-0.018,-0.051,-0.098,-0.004,0.03,0.106,0.072,-0.133,-0.064,-0.14,-0.107,-0.054
,COCA_spoken_bi_DP,-0.056,-0.11,-0.189,-0.052,-0.053,0.023,-0.074,-0.019,-0.146,-0.018,-0.21,-0.182,-0.181,-0.161,-0.119,0.12,0.01,0.074,0.111,0.083,0.128,0.07,0.069,-0.046,-0.113,0.016,0.073,-0.012,0.157,0.095,-0.001,-0.064,0.324,0.389,0.313,0.331,0,0.128,0.213,0.339,0.041,0.096,0.384,0.352,0.563,0.303,1,0.061,0.362,0.342,0.404,0.275,0.411,0.238,0.322,0.547,0.228,0.004,-0.13,0.071,-0.045,0.115,0.091,0.103,-0.024,-0.013,0.043,-0.008,0.065,-0.019,-0.017,-0.002,-0.008,-0.084,0.076,0.046,0.062,-0.142,-0.058,-0.002,-0.038,-0.138,0.04,0.026,-0.07,-0.088,-0.021,-0.056,-0.083,-0.019,0.054,-0.028,-0.026
,COCA_spoken_bi_prop_30k,0.012,-0.041,0.001,-0.157,-0.112,-0.092,0.049,-0.14,-0.015,-0.201,-0.015,-0.037,-0.045,-0.031,-0.065,0.387,0.473,0.411,0.521,0.658,0.198,-0.171,-0.247,-0.039,-0.21,-0.19,0.71,0.687,0.644,0.727,0.506,0.578,0.08,0.071,-0.06,-0.13,0.789,0.924,0.553,0.697,0.756,0.765,0.372,0.427,0.343,0.209,0.061,1,-0.021,-0.007,-0.016,-0.002,-0.25,0.024,0.053,-0.026,0.735,-0.247,0.043,0.052,0.073,0.462,0.759,0.263,0.288,0.281,0.232,0.212,0.134,-0.001,-0.015,0.214,0.212,-0.177,0.34,-0.259,0.276,-0.31,-0.098,-0.124,-0.093,0.003,-0.248,-0.245,-0.109,-0.004,-0.269,-0.27,-0.375,-0.211,-0.007,-0.164,-0.25
,COCA_spoken_Trigram_Frequency_Log,-0.003,0.088,-0.12,0.073,0.126,0.038,0.055,0.119,0.048,0.148,-0.113,-0.094,-0.047,-0.069,0.039,-0.069,-0.151,-0.058,-0.025,0.289,0.203,-0.019,-0.107,0.044,0.006,0.083,0.159,-0.071,-0.037,-0.031,0.113,0.061,0.593,0.361,0.654,0.622,-0.033,-0.047,0.434,0.248,0.015,0.086,0.508,0.484,0.484,0.455,0.362,-0.021,1,0.998,0.726,0.62,0.367,0.044,0.624,0.193,0.467,-0.092,0.043,-0.15,-0.036,-0.016,0.164,-0.159,-0.117,-0.107,-0.099,0.239,0.2,0.151,0.14,0.255,0.239,0.166,0.067,0.064,0.033,-0.073,0.078,0.064,-0.052,0.004,-0.093,-0.11,-0.067,-0.029,0.074,0.071,0,-0.027,-0.081,-0.049,-0.011
,COCA_spoken_Trigram_Range_Log,-0.001,0.086,-0.12,0.07,0.124,0.03,0.052,0.113,0.044,0.144,-0.115,-0.093,-0.045,-0.07,0.039,-0.076,-0.139,-0.053,-0.026,0.301,0.193,-0.042,-0.126,0.046,0.022,0.061,0.167,-0.06,-0.038,-0.016,0.124,0.081,0.591,0.351,0.636,0.608,-0.019,-0.042,0.446,0.245,0.03,0.096,0.507,0.488,0.479,0.454,0.342,-0.007,0.998,1,0.719,0.603,0.341,0.03,0.601,0.175,0.482,-0.091,0.039,-0.15,-0.041,-0.003,0.179,-0.172,-0.117,-0.107,-0.107,0.25,0.203,0.146,0.135,0.267,0.25,0.18,0.064,0.068,0.024,-0.079,0.082,0.07,-0.06,0.011,-0.097,-0.117,-0.066,-0.029,0.071,0.063,-0.013,-0.017,-0.079,-0.04,-0.004
,COCA_spoken_tri_MI2,0.014,0.1,-0.062,0.06,0.105,0.047,0.004,0.043,-0.017,0.048,-0.091,-0.053,0.019,-0.05,0.09,-0.314,-0.119,-0.302,-0.157,0.073,0.028,0.142,0.077,0.157,-0.09,0.179,-0.013,-0.068,-0.28,-0.142,-0.068,-0.01,0.25,0.077,0.407,0.374,-0.017,-0.006,0.282,0.222,-0.048,-0.121,0.207,0.217,0.463,0.545,0.404,-0.016,0.726,0.719,1,0.719,0.446,0.539,0.64,0.382,0.315,-0.076,0.004,0.032,-0.026,-0.1,-0.059,-0.162,0.043,0.054,-0.014,0.203,0.171,-0.04,-0.037,0.213,0.203,0.193,0,0.031,-0.113,-0.215,0.102,0.1,-0.066,-0.089,0.011,-0.042,-0.127,-0.011,0.107,0.114,-0.063,-0.228,-0.2,-0.258,-0.223
,COCA_spoken_tri_T,0.118,0.031,-0.117,-0.065,-0.012,0.03,0.077,-0.028,0.065,-0.047,-0.077,-0.065,0,-0.056,-0.011,-0.262,0.004,-0.207,-0.213,0.127,0.048,0.024,-0.016,0.161,0.037,0.059,0.034,0,-0.171,0.017,-0.026,0.062,0.266,0.041,0.483,0.429,-0.028,-0.003,0.194,0.173,0.055,-0.021,0.2,0.211,0.399,0.669,0.275,-0.002,0.62,0.603,0.719,1,0.36,0.326,0.706,0.209,0.222,-0.085,0.017,-0.023,0.063,-0.016,0.017,-0.226,-0.032,-0.013,-0.112,0.274,0.169,-0.036,-0.041,0.274,0.274,0.231,0.023,-0.017,-0.114,-0.129,0.107,0.073,-0.105,-0.004,0.023,-0.058,-0.081,0.04,0.104,0.14,-0.082,-0.072,-0.161,-0.082,-0.06
,COCA_spoken_tri_DP,-0.038,0.072,-0.045,0.117,0.11,0.044,0.075,0.034,0.047,0.062,-0.088,-0.089,-0.001,-0.105,0.053,0.035,-0.201,-0.007,-0.057,-0.17,-0.073,0.126,-0.014,-0.237,-0.009,0.138,-0.26,-0.277,-0.091,-0.199,-0.186,-0.25,0.081,0.216,0.238,0.327,-0.238,-0.168,-0.063,0.008,-0.292,-0.246,0.039,-0.009,0.124,0.151,0.411,-0.25,0.367,0.341,0.446,0.36,1,0.236,0.356,0.47,-0.075,0.161,-0.004,-0.045,0.028,-0.026,-0.188,-0.091,-0.189,-0.191,-0.074,-0.141,-0.083,0.002,0.005,-0.139,-0.141,0.125,-0.204,0.269,-0.071,0.021,0.034,-0.023,0.143,-0.078,0.187,0.186,0.049,-0.025,0.111,0.127,0.077,-0.08,-0.034,-0.102,-0.061
,COCA_spoken_tri_2_MI,0.084,0.058,0.08,0.041,0.04,0.094,0.011,-0.05,-0.093,-0.094,0.012,0.027,0.019,0.064,0.064,-0.268,-0.025,-0.279,-0.077,-0.207,-0.171,0.273,0.34,0.177,-0.103,0.275,-0.197,-0.009,-0.257,-0.128,-0.298,-0.185,-0.25,-0.119,-0.087,0.008,-0.062,0.069,-0.065,0.184,-0.096,-0.257,-0.16,-0.146,0.236,0.366,0.238,0.024,0.044,0.03,0.539,0.326,0.236,1,0.351,0.378,0.076,-0.015,0.036,0.277,0.144,-0.07,-0.274,-0.008,0.071,0.061,0.075,-0.057,-0.098,-0.196,-0.204,-0.065,-0.057,0.108,-0.152,0.072,-0.193,-0.157,0.015,0.012,0.022,-0.167,0.062,0.064,-0.021,0.05,0.076,0.108,-0.065,-0.321,-0.167,-0.307,-0.313
,COCA_spoken_tri_2_T,0.027,0.018,-0.077,0.015,0.037,0.093,0.08,0.052,0.049,0.013,-0.079,-0.085,-0.068,-0.037,-0.026,-0.155,-0.025,-0.091,-0.026,0.149,0.037,0.156,0.088,0.125,-0.042,0.168,0.05,0.03,-0.065,0.048,-0.03,0.025,0.27,0.188,0.526,0.469,-0.004,0.068,0.181,0.237,0.081,0.028,0.272,0.272,0.448,0.632,0.322,0.053,0.624,0.601,0.64,0.706,0.356,0.351,1,0.219,0.266,-0.12,0.012,-0.02,-0.003,0.11,0.039,-0.068,-0.008,0.001,-0.03,0.097,-0.022,-0.037,-0.056,0.089,0.097,0.139,-0.037,0.033,-0.08,-0.11,0.002,-0.061,-0.038,0.095,-0.065,-0.057,-0.145,0.03,-0.043,-0.026,-0.206,-0.123,-0.088,-0.155,-0.087
,COCA_spoken_tri_2_DP,-0.098,0.01,-0.06,0.067,0.063,-0.043,-0.059,0.051,0.013,0.088,-0.078,-0.079,-0.06,-0.074,0.015,0.017,0.009,-0.019,0.076,-0.064,-0.045,0.027,0.069,-0.121,-0.052,0.027,-0.057,-0.041,0.049,0.023,-0.138,-0.149,-0.045,0.083,0.06,0.156,-0.105,0.02,-0.011,0.12,-0.044,-0.055,-0.056,-0.079,0.076,0.173,0.547,-0.026,0.193,0.175,0.382,0.209,0.47,0.378,0.219,1,0.007,0.033,-0.134,0.107,0.009,0.114,-0.022,0.122,0.047,0.053,0.063,-0.142,-0.097,-0.105,-0.09,-0.124,-0.142,-0.065,-0.043,0.067,-0.01,-0.21,-0.059,-0.015,0.006,-0.128,0.021,0.011,-0.071,-0.193,0.034,0.052,-0.045,-0.121,-0.036,-0.116,-0.124
,COCA_spoken_tri_prop_30k,0.004,0.024,-0.028,-0.054,0.006,0.011,0.064,-0.007,-0.008,-0.056,-0.042,-0.058,-0.058,-0.02,-0.005,0.243,0.256,0.276,0.307,0.648,0.249,-0.154,-0.272,0.004,-0.168,-0.107,0.646,0.442,0.424,0.49,0.498,0.501,0.488,0.264,0.163,0.136,0.636,0.684,0.854,0.798,0.529,0.601,0.629,0.656,0.611,0.431,0.228,0.735,0.467,0.482,0.315,0.222,-0.075,0.076,0.266,0.007,1,-0.238,0.075,-0.033,0.023,0.298,0.668,0.142,0.125,0.124,0.164,0.338,0.292,0.182,0.154,0.346,0.338,-0.074,0.341,-0.201,0.259,-0.198,0.012,0.012,-0.141,-0.063,-0.254,-0.281,-0.092,-0.035,-0.146,-0.181,-0.258,-0.201,-0.113,-0.167,-0.225
,eat_types,-0.059,0.03,0.031,0.05,0.041,0.077,0.012,0.054,-0.038,0.032,0.057,0.064,0.023,0.084,-0.047,0.14,-0.123,0.148,-0.035,-0.287,-0.312,-0.333,-0.279,-0.402,0.487,-0.338,-0.435,-0.403,-0.064,-0.173,-0.25,-0.33,-0.169,0.139,-0.091,0.057,-0.314,-0.237,-0.309,-0.202,-0.27,-0.201,-0.157,-0.185,-0.194,-0.102,0.004,-0.247,-0.092,-0.091,-0.076,-0.085,0.161,-0.015,-0.12,0.033,-0.238,1,0.077,0.039,0.075,0.116,-0.136,-0.177,-0.41,-0.395,-0.334,-0.4,-0.37,-0.055,-0.043,-0.392,-0.4,0.204,-0.488,0.506,-0.37,0.225,-0.01,-0.075,0.212,0.104,0.271,0.368,0.303,-0.142,0.095,0.097,0.128,0.239,0.082,0.209,0.246
,eat_tokens,0.074,-0.144,-0.118,-0.19,-0.162,-0.027,0.076,-0.107,0.008,-0.104,-0.108,-0.094,-0.192,-0.127,-0.154,0.097,-0.114,0.022,-0.058,0.078,0.108,0.112,-0.084,-0.133,-0.146,0.113,0.014,-0.13,0.041,-0.085,0.081,-0.026,0.19,0.169,0.026,-0.011,0.106,0.079,0.132,0.116,-0.065,0.025,0.146,0.115,0.088,0.068,-0.13,0.043,0.043,0.039,0.004,0.017,-0.004,0.036,0.012,-0.134,0.075,0.077,1,-0.191,0.104,-0.115,0.066,-0.112,-0.176,-0.191,-0.018,0.196,0.223,0.117,0.091,0.19,0.196,0.054,0.12,0.082,0.038,0.111,0.165,0.118,0.197,-0.315,0.19,0.196,0.045,-0.025,0.193,0.199,0.22,-0.138,-0.089,-0.176,-0.084
,USF,-0.007,0.066,0.076,0.029,0.006,-0.048,-0.094,-0.003,-0.088,-0.029,0.026,0.04,0.056,0.022,-0.02,-0.053,0.183,0.001,0.07,-0.102,0.049,0.083,0.298,0.283,-0.087,-0.039,0.027,0.285,0.022,0.158,-0.166,-0.011,-0.329,-0.082,-0.183,-0.08,-0.074,0.038,-0.184,0.02,0.157,0.01,-0.129,-0.088,-0.039,0.049,0.071,0.052,-0.15,-0.15,0.032,-0.023,-0.045,0.277,-0.02,0.107,-0.033,0.039,-0.191,1,-0.029,0.146,0,0.272,0.132,0.146,0.248,-0.232,-0.204,-0.246,-0.241,-0.239,-0.232,-0.235,-0.005,-0.106,0.008,-0.123,-0.294,-0.289,-0.128,0.169,-0.173,-0.221,0.014,0.138,-0.051,-0.073,-0.124,-0.204,-0.156,-0.154,-0.256
,McD_CD,0.087,0.085,0.152,0.122,0.107,0.141,0.11,0.058,0.092,-0.056,0.117,0.117,0.101,0.06,0.023,-0.06,-0.348,0.013,0.08,0.034,-0.223,0.007,-0.038,-0.161,0.105,0.004,-0.122,-0.105,0.062,0.015,-0.334,-0.32,-0.064,0.042,-0.107,0.094,-0.139,0.115,-0.115,0.025,-0.002,0.005,-0.068,-0.095,-0.045,0.073,-0.045,0.073,-0.036,-0.041,-0.026,0.063,0.028,0.144,-0.003,0.009,0.023,0.075,0.104,-0.029,1,0.078,-0.047,-0.167,-0.302,-0.329,-0.029,0.061,-0.015,0.005,-0.005,0.062,0.061,0.107,-0.116,0.105,-0.105,-0.019,0.349,0.304,0.276,-0.457,0.152,0.179,0.294,-0.118,0.174,0.27,0.159,0.023,-0.03,0.016,0.037
,Sem_D,0.052,0.013,0.003,-0.028,-0.004,-0.022,0.054,-0.034,0.034,-0.091,-0.011,-0.011,-0.002,-0.018,-0.079,0.439,0.392,0.692,0.46,0.349,-0.041,-0.478,-0.439,-0.307,0.33,-0.418,0.212,0.359,0.6,0.824,0.181,0.33,-0.027,0.26,-0.11,0.119,0.16,0.4,0.074,0.26,0.565,0.528,0.266,0.317,0.173,0.101,0.115,0.462,-0.016,-0.003,-0.1,-0.016,-0.026,-0.07,0.11,0.114,0.298,0.116,-0.115,0.146,0.078,1,0.57,0.14,-0.012,-0.003,0.074,-0.148,-0.208,-0.071,-0.086,-0.15,-0.148,-0.023,-0.13,0.125,0.012,-0.245,-0.176,-0.264,-0.04,0.202,-0.07,-0.005,0.152,-0.035,-0.466,-0.462,-0.538,0.098,0.102,0.175,0.076
,Log_Freq_HAL,0.008,-0.089,-0.058,-0.166,-0.104,-0.171,0.027,-0.116,0.003,-0.079,-0.041,-0.055,-0.089,-0.015,-0.141,0.579,0.498,0.599,0.578,0.817,0.393,-0.344,-0.458,-0.169,-0.144,-0.282,0.809,0.61,0.78,0.789,0.732,0.7,0.364,0.256,0.132,0.067,0.643,0.696,0.589,0.572,0.736,0.866,0.58,0.616,0.337,0.083,0.091,0.759,0.164,0.179,-0.059,0.017,-0.188,-0.274,0.039,-0.022,0.668,-0.136,0.066,0,-0.047,0.57,1,0.173,0.145,0.154,0.112,0.293,0.253,0.198,0.188,0.303,0.293,-0.192,0.439,-0.246,0.403,-0.26,-0.14,-0.168,-0.149,0.076,-0.332,-0.339,-0.197,0.03,-0.311,-0.336,-0.326,-0.056,0.105,-0.001,-0.078
